159
4 473 19 171 249
4 227 25 333 0
4 11 155 42 286
4 70 127 252 158
4 494 1 420 40
4 378 45 322 98
4 268 18 315 33
4 478 4 10 93
4 254 115 196 140
4 491 8 35 162
4 68 29 64 423
4 111 190 125 298
4 22 398 43 54
4 185 71 97 73
4 274 167 300 159
4 236 63 360 81
4 248 175 197 130
4 182 104 319 163
4 151 14 176 110
4 238 131 66 186
4 228 192 141 49
4 479 3 90 330
4 409 32 441 31
4 468 16 353 129
4 243 126 294 160
4 372 51 279 21
4 137 59 361 62
4 9 84 231 189
4 58 242 178 245
4 433 53 369 82
4 241 128 187 65
4 391 50 202 221
4 400 23 173 250
4 465 17 76 114
4 383 37 404 78
4 320 103 94 96
4 41 149 184 239
4 134 235 206 80
4 344 138 282 44
4 280 89 108 306
4 145 276 165 91
4 363 57 195 246
4 211 212 87 199
4 481 5 92 234
4 275 148 48 321
4 416 7 183 13
4 318 164 88 326
4 411 30 339 102
4 396 86 247 122
4 204 219 150 46
4 95 157 263 106
4 496 2 367 56
4 426 15 20 177
4 407 34 218 223
4 28 341 79 117
4 312 170 253 116
4 498 161 259 47
4 240 12 421 61
4 132 154 215 205
4 455 27 169 83
3 429 55 314
3 359 123 74
3 209 77 120
3 278 142 281
3 328 113 301
3 388 26 415
3 112 174 267
3 201 222 198
3 338 85 284
3 374 67 356
3 460 24 69
3 124 296 38
3 386 100 323
3 305 118 302
3 256 226 60
3 410 72 214
3 153 270 99
3 349 133 119
3 437 6 352
3 357 135 285
3 193 299 144
3 469 180 261
3 336 105 181
3 147 139 194
3 482 172 251
3 179 303 107
3 343 152 271
3 399 52 200
3 346 136 233
3 431 36 405
3 109 143 277
3 483 166 257
3 342 101 340
3 210 213 207
3 385 75 366
3 392 39 443
3 156 264 146
3 387 203 217
3 266 216 225
3 408 191 229
3 283 168 255
3 351 121 371
3 350 220 262
3 381 208 188
3 432 237 258
3 224 230 232
3 454 244 412
3 290 499 413
3 438 414 417
3 463 418 419
3 402 422 375
3 370 424 425
3 449 427 428
3 295 430 434
3 467 435 406
3 287 377 379
3 436 380 382
3 362 384 389
3 297 390 393
3 394 395 397
2 373 401
2 493 403
2 272 471
2 292 472
2 358 474
2 490 475
2 307 476
2 308 477
2 448 480
2 265 484
2 364 485
2 269 486
2 439 487
2 304 488
2 376 489
2 293 492
2 461 495
2 466 497
2 331 470
2 354 440
2 459 442
2 335 444
2 452 445
2 332 446
2 347 447
2 457 450
2 334 451
2 324 453
2 368 456
2 329 458
2 310 462
2 337 464
2 365 288
2 348 289
2 316 291
2 355 309
2 313 260
2 311 273
2 317 345
