1628
4 3233 2124 465 7064
4 5944 2204 3153 4995
4 8501 284 4837 520
4 6589 1559 5121 236
4 477 4644 713 2589
4 9914 45 8148 637
4 8371 1535 2094 495
4 807 4550 571 7577
4 8477 308 5357 2791
4 8021 127 7796 352
4 6781 1367 3990 1131
4 7558 590 4767 354
4 7060 1088 4269 852
4 7790 358 3629 1728
4 8571 214 4907 450
4 7731 417 4940 181
4 2781 2576 3337 2020
4 8254 531 4826 295
4 3777 1580 3541 1816
4 6007 2141 3216 6404
4 8007 141 7569 579
4 1257 4100 1021 5383
4 4451 906 4215 1142
4 3900 5583 2565 5231
4 279 4842 515 3114
4 8163 1743 3614 5913
4 7886 262 421 183
4 2879 2478 6255 1893
4 2541 3042 2315 2806
4 7217 931 6584 1564
4 1667 6481 3425 1932
4 1841 3516 1605 3626
4 8607 178 820 4537
4 9200 706 4415 942
4 4426 695 4662 459
4 7722 426 4695 662
4 2044 3313 1808 3549
4 8396 1510 6638 2147
4 4832 525 2064 3293
4 5008 349 1388 3969
4 4276 4509 848 7937
4 9591 315 5042 79
4 7103 1045 2584 2537
4 536 8197 588 4769
4 5211 146 4975 382
4 6383 1765 3356 2001
4 486 4871 250 8754
4 6606 1542 3579 1778
4 81 5276 2872 2485
4 1663 3694 1427 8479
4 3509 1848 3273 2084
4 4825 532 9374 113
4 1642 3715 1406 3951
4 4163 1194 3927 1430
4 7240 908 4449 672
4 1679 3678 1443 3914
4 6019 2129 3228 3176
4 6845 1303 8603 182
4 3239 2118 3795 1562
4 3997 1360 3761 1596
4 387 5526 2622 2735
4 6345 1803 3318 4386
4 3607 1750 3371 1986
4 7325 823 4534 587
4 5405 2743 2614 4041
4 6548 1600 3757 1364
4 9737 169 5744 2404
4 6637 1511 3846 1275
4 205 4916 441 7108
4 7438 710 4647 474
4 2881 2476 3437 1920
4 3005 2352 5796 608
4 3078 2279 5918 2230
4 9760 5 5352 2796
4 6049 2099 3258 1863
4 5029 328 4793 564
4 7855 293 5064 57
4 1337 4020 5886 2262
4 7453 1332 3789 1568
4 6995 1153 5251 106
4 1461 3896 1225 7529
4 5264 93 5028 329
4 9060 846 4511 610
4 3692 1665 6483 3423
4 1125 4788 569 8785
4 248 5109 12 5345
4 1435 3686 1671 6477
4 1026 4331 790 4567
4 1262 4095 4053 1304
4 3883 1474 3647 1710
4 4408 949 4964 393
4 2385 2736 2621 2500
4 8485 1421 7710 438
4 400 4957 164 6240
4 5764 2384 2973 6639
4 8302 1604 3753 1368
4 1356 3765 1592 2395
4 2343 3014 2107 3250
4 9889 17 3987 1370
4 2513 2608 2749 2372
4 4320 1037 4194 1163
4 5331 26 5095 3053
4 781 8004 144 4977
4 6115 2033 3324 1797
4 348 8437 1469 3888
4 2319 2802 2555 2566
4 9351 555 4802 319
4 847 1737 357 3272
4 3190 2167 2954 2403
4 8799 1107 7041 2865
4 1819 3302 2055 2331
4 2233 3124 1997 3360
4 6440 1708 3413 1944
4 37 384 4973 148
4 6195 1953 4631 726
4 8182 1724 3633 1488
4 4624 4863 494 3135
4 4750 607 6655 1493
4 6224 1924 4480 877
4 1974 4430 927 7262
4 8941 965 4392 729
4 6512 1636 3485 1872
4 9780 126 6129 2019
4 2560 2797 2324 3033
4 6312 1836 3521 4627
4 6473 1675 3682 1439
4 9246 660 4461 896
4 9604 302 8452 333
4 2142 5427 2721 4848
4 6409 1739 3618 1503
4 9078 828 1756 833
4 9502 404 4717 640
4 72 5285 2863 2494
4 1885 3472 1649 3708
4 7359 789 948 4173
4 3847 1274 4083 4702
4 8540 1366 6782 2003
4 2238 3119 2002 3355
4 8053 95 2489 100
4 5787 2361 2996 2125
4 9600 306 5051 70
4 4665 692 3295 2062
4 217 4904 453 4668
4 6091 2057 3300 1821
4 3025 2332 2789 5359
4 7337 811 4546 575
4 294 9612 8 5905
4 5179 2969 2388 2843
4 8769 16 5341 2807
4 952 4405 716 4641
4 7459 689 3697 1660
4 8522 1384 3973 1148
4 3566 1791 3330 2027
4 1233 4124 997 4360
4 4298 1059 4062 1295
4 2053 3304 4406 951
4 6261 1887 3470 4240
4 4227 1130 3991 5363
4 8002 1904 3453 1668
4 4264 1093 6476 1672
4 6232 1916 3205 2152
4 2010 4574 783 973
4 9221 685 5570 2578
4 4482 875 4246 1111
4 3769 1588 2861 2496
4 6079 2069 3052 2305
4 2464 3940 1417 3704
4 8220 1686 3671 4477
4 6329 75 5046 311
4 2738 7168 980 4141
4 2081 3276 1845 3512
4 4341 1016 4105 1252
4 9871 35 5086 271
4 9549 63 5058 299
4 5584 2564 2793 2328
4 3989 1132 1729 860
4 6590 1558 3563 1794
4 7604 544 4813 3335
4 5678 2470 2887 2234
4 4784 573 1164 4193
4 4829 528 2061 1926
4 4781 576 4545 812
4 6921 1227 3894 1463
4 773 6756 1392 3965
4 8074 74 5047 310
4 568 4789 332 5025
4 8808 1098 4259 862
4 9659 247 4874 483
4 7769 379 4742 615
4 7190 958 4399 722
4 502 4619 738 1851
4 2713 2644 2477 5052
4 1570 3787 4361 996
4 2451 2906 2215 3142
4 9048 858 7290 2616
4 3570 1787 8119 29
4 6146 258 5099 22
4 2180 2941 2416 2705
4 9385 521 4600 757
4 4870 487 4634 723
4 350 5007 114 2475
4 1982 3375 1746 3611
4 1939 3418 1703 3654
4 1285 4072 4076 1281
4 1001 4356 765 4592
4 6003 2145 3212 1909
4 5302 55 5066 291
4 9762 3 5118 239
4 1938 7549 599 4522
4 3832 1525 3596 1761
4 4336 785 4572 549
4 7079 1069 5515 2633
4 1476 3645 1712 3409
4 9188 718 4639 482
4 9383 523 4598 759
4 2128 3229 1892 3904
4 3041 2316 2805 2552
4 690 6839 1309 4048
4 643 4478 879 8733
4 6600 1548 3809 1312
4 5476 2672 2685 2436
4 8183 1723 3634 4514
4 6714 1434 3923 1198
4 2392 2965 2156 3201
4 7474 674 4447 910
4 4723 634 4487 870
4 8647 138 5219 2929
4 9603 303 4818 539
4 1326 4031 1090 4267
4 4074 1283 3838 1519
4 5895 2253 3104 2017
4 2091 3266 6640 1508
4 9986 2 5355 1049
4 7122 2784 2573 2548
4 5281 76 5045 312
4 1578 3543 1814 3307
4 8264 1223 4134 987
4 3427 1930 3191 2166
4 4036 1321 5083 274
4 5227 130 2459 2898
4 6567 1581 3540 1817
4 7833 2073 3284 1837
4 1889 3468 1653 6495
4 9167 739 998 758
4 5059 298 4823 534
4 5894 2254 4150 1207
4 1407 3950 1171 1418
4 2467 2890 2231 3126
4 6198 1950 3407 1714
4 5338 19 5102 255
4 9433 473 4884 237
4 8516 1390 3967 1154
4 1456 3665 1692 3429
4 934 4187 1170 8736
4 2661 2460 2897 6632
4 9413 493 7704 444
4 7456 2450 2907 2214
4 8611 174 5183 1221
4 6306 1842 3515 1606
4 5393 2755 2602 2519
4 3719 1638 3483 1874
4 1611 3746 1375 3982
4 4894 463 8322 1584
4 5702 2446 2911 2210
4 4383 974 4147 1210
4 3879 1478 4318 1039
4 8702 83 5274 2874
4 6612 1536 3821 1300
4 639 5616 2532 2825
4 940 7208 2698 2659
4 543 4814 307 7841
4 6179 1969 3388 4322
4 7281 867 4490 631
4 9602 304 5053 68
4 4143 1214 3907 1450
4 1118 4239 882 4475
4 5194 163 4958 399
4 9739 167 5416 2732
4 659 9247 240 5117
4 5268 89 8059 1847
4 6323 1825 4579 778
4 3862 1495 7259 889
4 5804 2344 3013 5772
4 4988 369 5214 143
4 1534 3587 4561 796
4 3350 2007 6141 263
4 9197 709 6735 1413
4 6730 799 4558 563
4 3010 2347 2774 2583
4 762 4595 526 4831
4 9594 18 9888 71
4 8744 41 5316 2832
4 8500 285 7863 922
4 4524 597 7551 1234
4 8896 1010 4347 774
4 1374 3983 1138 4219
4 1572 3785 4363 994
4 4891 466 4655 702
4 6011 2137 3220 1901
4 9477 429 4692 665
4 7156 992 5592 2556
4 7254 894 4463 658
4 7457 691 5713 2435
4 2867 2490 2631 2726
4 6980 1168 2819 2538
4 1859 3498 1623 4961
4 8359 1547 3810 1311
4 3571 1786 4469 888
4 6494 1654 3703 4445
4 5305 52 5069 288
4 1811 3546 1575 3782
4 5286 2862 2495 5653
4 3764 1593 3528 1829
4 2236 3121 2000 3357
4 8747 38 5319 2829
4 7432 1353 4004 1117
4 3966 1391 3730 1627
4 7128 1020 4337 784
4 8038 110 5247 2901
4 2759 2598 2523 5625
4 6541 1607 3750 1371
4 3600 1757 3364 1993
4 7700 448 4909 212
4 6501 1647 3474 1883
4 6054 201 5156 2992
4 56 5301 2847 2510
4 1143 3978 1379 6769
4 6062 2086 3271 1850
4 1324 4033 5873 2275
4 9387 519 7629 2277
4 5817 96 8689 1217
4 628 4729 392 4965
4 6196 1952 3405 1716
4 9991 4 9483 423
4 3669 1688 3433 4715
4 9881 25 5332 2816
4 3264 2093 3028 2329
4 9854 105 7444 704
4 1860 3261 2096 1533
4 609 7101 1047 4310
4 6093 162 4959 398
4 6602 1546 3811 1310
4 5101 256 4865 492
4 8777 1129 4228 893
4 9353 553 7595 1190
4 1424 3933 1188 1396
4 8083 65 5056 301
4 8902 1004 4353 768
4 5767 2381 7525 623
4 7403 745 4376 981
4 9044 443 4914 207
4 4927 430 4691 666
4 7822 326 9487 419
4 7550 598 4523 834
4 9863 43 5314 2834
4 4196 1161 8745 40
4 5465 2683 2674 2447
4 4387 970 4151 1206
4 1070 6459 1689 7923
4 7760 388 4969 152
4 3501 1856 3265 2092
4 1929 3428 1693 3664
4 1219 3902 1455 3666
4 6420 2365 2756 3499
4 8494 1412 3945 1176
4 6516 1632 3725 4423
4 3924 1433 2196 3161
4 4747 374 4983 3165
4 3767 4381 976 761
4 9306 600 4521 836
4 9818 88 5269 1135
4 198 7950 835 7313
4 9851 108 5013 344
4 1586 8320 1167 6981
4 2030 3327 4821 300
4 1644 3713 1408 3949
4 5094 27 5330 2818
4 4011 1346 3775 1582
4 4727 630 4491 866
4 9292 614 8873 1033
4 1630 3727 1394 3963
4 8913 993 7792 356
4 6055 200 5157 2991
4 2725 2632 5516 397
4 4667 454 4903 218
4 8903 1003 7145 2761
4 4623 734 3253 2104
4 5820 584 4773 1631
4 1854 3503 1618 3739
4 3414 1943 3178 2179
4 4621 736 7412 1373
4 9250 656 4465 892
4 3893 1464 3657 1700
4 6496 1652 3705 1416
4 1240 4117 4637 720
4 9499 407 4950 171
4 8749 36 5085 272
4 4606 751 7397 2509
4 5575 829 4292 1065
4 8983 923 4434 687
4 150 5207 1197 4160
4 3189 2168 2953 3451
4 8690 1216 3905 1452
4 2857 2264 3093 2028
4 9756 9 5904 2244
4 1544 3813 1308 4049
4 1670 3687 3842 1515
4 7904 244 2345 2776
4 2303 5845 559 4798
4 8434 1472 3885 1236
4 7820 377 9529 91
4 6285 119 5238 2910
4 7864 2042 3315 3420
4 3659 1698 4886 471
4 2946 2411 3844 1513
4 8194 591 4766 355
4 7239 909 4448 673
4 2041 6107 297 7851
4 8291 1615 3506 4642
4 4104 1253 1336 4021
4 5410 503 3484 1873
4 9249 657 4700 3448
4 3673 1684 3899 1458
4 3031 2326 2795 2562
4 4094 1263 3858 1499
4 4528 593 4764 3384
4 2561 3022 2335 2786
4 3134 2223 5925 479
4 990 4131 1226 3895
4 2904 5244 1160 4197
4 6318 1830 3527 1594
4 112 5245 2903 2454
4 6297 107 5250 663
4 8782 1124 4233 3915
4 7797 351 5006 115
4 792 4565 556 4801
4 8325 460 4661 696
4 9238 668 4689 432
4 1354 6794 3112 2245
4 7164 984 4137 1220
4 8275 510 4847 3301
4 3341 2016 3105 2252
4 6579 1569 3788 1333
4 2963 2394 2727 2630
4 9134 772 4585 4902
4 9128 359 4762 595
4 9099 513 4844 277
4 1928 6220 184 5173
4 5860 2288 3069 2052
4 6534 1614 3743 1378
4 5076 281 140 5773
4 4782 339 5018 103
4 5863 2285 3072 2049
4 5463 941 4416 705
4 2835 2522 2599 3656
4 6617 1531 3590 1767
4 1186 3935 1422 6726
4 8548 1358 3999 1122
4 7154 2752 2605 2516
4 2572 2549 2808 2313
4 1254 5001 120 5237
4 9077 410 4711 646
4 3578 1779 3342 2015
4 9490 416 4705 652
4 1579 3542 1815 3306
4 1948 3173 2184 2937
4 316 5041 80 5277
4 5431 2717 2640 2481
4 4828 529 2060 3297
4 7902 246 4875 1529
4 9605 7 5350 2798
4 4391 966 7819 2087
4 2295 3062 2059 3298
4 6668 1480 3877 1244
4 3588 1769 3352 2005
4 4028 1329 3792 1565
4 2557 2800 2321 3036
4 9994 1 5356 2792
4 3857 1500 3621 1736
4 8394 1512 3845 1276
4 735 4622 499 4858
4 8875 1031 4090 1267
4 8315 470 4887 234
4 5562 2586 2771 7135
4 8553 232 5125 3023
4 9608 10 8138 1768
4 9006 900 4221 1136
4 8476 309 5048 73
4 5606 2542 2579 3825
4 5742 2406 2951 5197
4 6303 101 5020 337
4 412 4709 648 4473
4 6471 1677 912 4209
4 2080 509 7201 947
4 9041 865 4492 629
4 5321 2827 2530 2591
4 4786 335 5022 99
4 5581 2567 2554 2803
4 5002 3146 2211 4044
4 9569 51 370 4987
4 1590 6558 2227 3130
4 5397 2751 2606 2515
4 7368 780 4577 1827
4 605 4516 841 4280
4 7791 2115 3242 1879
4 4140 4008 1349 3772
4 2964 2393 2728 2629
4 9941 24 5097 260
4 1740 3617 1504 3853
4 7766 2140 3217 3367
4 1365 3992 4156 1201
4 2801 2320 3037 2876
4 3946 1411 3710 4438
4 3744 1613 3508 1849
4 5903 501 8284 1622
4 9470 436 4685 3463
4 547 4810 5096 261
4 4666 455 7693 1092
4 7483 2423 2934 2187
4 9283 204 4917 440
4 1211 4146 975 4382
4 9187 719 4638 3510
4 6928 2978 5170 187
4 550 4807 314 7834
4 5669 2479 2642 2715
4 2722 2635 5513 891
4 9895 11 5346 1058
4 7699 449 4672 3476
4 2353 3004 2117 472
4 7027 1121 4000 1357
4 8173 1733 6415 2370
4 9432 180 5177 2971
4 4518 839 1556 3801
4 9797 109 5248 2900
4 925 4432 5474 930
4 5441 2707 2650 2471
4 6750 1398 4185 1172
4 1774 3583 1538 3819
4 4326 795 4562 3586
4 5785 2363 2994 2127
4 1338 4019 1102 4255
4 7965 1941 3416 1705
4 7598 2308 3049 2072
4 7232 916 4441 680
4 9347 265 4856 3292
4 8796 1110 4247 874
4 6103 2045 3312 1809
4 743 4614 507 4850
4 4779 578 4543 814
4 6227 1921 3436 1685
4 5265 92 8056 1431
4 6489 1659 3698 1423
4 9878 28 5329 1075
4 7875 273 5310 47
4 2399 2958 5190 3595
4 6046 2102 3255 1866
4 98 5259 2889 3024
4 2551 2570 2787 2334
4 6990 1158 4199 4555
4 4120 1237 3884 1473
4 2310 3047 2074 3283
4 3085 2272 2849 2508
4 7842 943 4414 707
4 9508 104 5017 340
4 4268 1089 4032 1325
4 3294 2063 3058 5090
4 7634 514 4607 750
4 6614 2171 3186 1935
4 2083 3274 2639 2718
4 7632 516 4841 280
4 7785 363 4994 3154
4 8989 917 7231 2675
4 4566 791 4330 1027
4 3141 2216 2905 2452
4 7465 683 4674 447
4 1884 3473 1648 3709
4 4170 1187 3934 4214
4 9635 324 7824 2082
4 9817 142 5215 2933
4 4740 617 4504 853
4 4068 1289 3942 1415
4 8483 390 4731 626
4 7969 179 5178 2970
4 9388 518 4839 282
4 3252 2105 3016 2341
3 7253 895 4226
3 9496 116 5241
3 6819 1966 3155
3 1165 3956 1401
3 9735 30 5327
3 5266 2882 2239
3 8806 1100 4257
3 8292 1195 3926
3 4274 1083 4038
3 8582 203 7945
3 2299 2932 2425
3 8742 131 4990
3 8927 979 4378
3 511 4846 275
3 3910 1447 3674
3 8395 478 4879
3 9904 61 5060
3 7526 622 4735
3 87 6168 1980
3 5631 2517 2604
3 4533 824 7961
3 4728 1676 3681
3 7620 2286 3071
3 6502 1646 3475
3 7357 1428 3929
3 1835 6313 2472
3 6975 1173 4184
3 6837 873 4248
3 2612 2745 2376
3 5044 313 4808
3 2366 7540 1245
3 2611 2746 2375
3 4905 452 7696
3 6142 2006 3115
3 6101 2047 3310
3 3489 1868 6280
3 6536 1612 3745
3 129 4992 365
3 2657 2700 2421
3 4918 439 6823
3 2871 2486 5662
3 4001 1120 4237
3 2696 7210 938
3 3268 2089 3032
3 3285 4244 1113
3 5703 2445 2912
3 506 4851 270
3 3187 2170 5540
3 4520 837 4284
3 8916 613 5791
3 8919 693 9213
3 6622 1526 3831
3 2617 2740 7166
3 3865 1492 1097
3 9719 46 5311
3 2412 2709 2648
3 6246 1902 3455
3 8802 1104 4253
3 9886 20 5337
3 4526 831 4290
3 1050 4307 3841
3 9993 6 5351
3 8187 1719 3402
3 7299 849 7936
3 5856 2292 4112
3 8261 1645 3712
3 7677 2229 5919
3 9747 159 5198
3 9072 415 4706
3 8766 1140 4217
3 6309 1839 3518
3 677 4444 913
3 7331 817 4540
3 7226 2680 2677
3 5151 206 4915
3 2202 2919 2438
3 7346 802 5602
3 3278 2079 3834
3 1763 3594 4554
3 4803 554 7594
3 3565 1792 3329
3 5531 724 4633
3 8142 1764 3593
3 6659 1489 3632
3 8472 1015 4106
3 7736 1751 3370
3 6064 191 5166
3 2175 3182 4966
3 1956 3401 1720
3 1301 4056 4092
3 5763 641 4716
3 9362 125 4996
3 7009 1139 4218
3 489 1248 508
3 8411 1076 4281
3 1381 3976 1145
3 8716 69 8079
3 2664 2693 2428
3 8490 264 4857
3 6284 1864 3257
3 7640 2266 3091
3 4002 1355 2274
3 840 7308 1477
3 1299 4058 1063
3 3059 2298 2823
3 6245 1903 3454
3 8417 368 4989
3 6720 2065 4670
3 5057 64 5293
3 9903 62 5295
3 4761 596 8189
3 9641 124 5233
3 188 4933 424
3 7883 902 9004
3 8815 1091 7057
3 9143 763 7385
3 8567 1339 4018
3 6446 1702 3655
3 989 4132 4016
3 6100 2048 3309
3 4359 5547 2601
3 9191 715 7433
3 3095 2026 3331
3 7524 624 4733
3 7037 2869 2488
3 9758 60 5061
3 7990 158 5199
3 5309 48 5073
3 9875 31 2558
3 8448 425 4696
3 5226 2922 2199
3 9668 238 4883
3 6102 2046 3311
3 8840 1066 4291
3 8072 1834 3523
3 9116 371 50
3 6693 3213 2144
3 9074 832 7316
3 4385 972 3015
3 6684 3222 2135
3 5454 2694 2663
3 6330 1818 3539
3 1438 3919 1202
3 7517 2389 2968
3 5380 2768 3145
3 6851 1297 4060
3 6347 1801 3556
3 5965 2183 3174
3 5654 259 5098
3 4189 932 4425
3 565 4792 3993
3 6191 1957 3400
3 711 4410 3738
3 8706 1200 4157
3 5334 23 6381
3 9001 905 4452
3 4236 885 4472
3 6941 1844 3513
3 7329 819 4538
3 6249 1899 3458
3 9599 13 5108
3 6022 2126 3457
3 907 4450 671
3 3561 1796 3325
3 2132 3225 1896
3 8008 777 1812
3 7460 688 4669
3 3202 2155 434
3 1806 6342 3564
3 4751 606 7542
3 3786 1571 6577
3 8967 939 7209
3 1467 3890 1231
3 7821 327 5030
3 4388 969 4152
3 5878 2270 3087
3 5901 2247 3110
3 6270 1878 3479
3 3606 6300 1410
3 8957 530 7618
3 5409 2739 2618
3 9144 343 2246
3 6053 2095 3262
3 4615 742 4379
3 5649 2499 90
3 9564 342 5015
3 4096 1261 3860
3 2626 2731 2390
3 3057 2300 2821
3 2268 3089 2032
3 1669 3688 4235
3 3615 1742 3379
3 3529 1828 6320
3 3605 1752 6396
3 9369 537 4820
3 2892 2465 5683
3 2198 3159 1962
3 5536 868 4489
3 8583 1323 4034
3 9234 253 5104
3 4833 524 7624
3 3466 1891 3230
3 7513 635 4722
3 7575 135 4986
3 2098 6050 3856
3 1342 4015 1106
3 3507 5278 2870
3 3988 1369 3752
3 533 1561 1028
3 7786 362 2222
3 2351 3006 5142
3 9856 32 5325
3 904 4453 3695
3 1964 3393 4755
3 1208 3913 1444
3 1711 3646 1475
3 5315 42 5079
3 320 5037 84
3 7334 1451 3906
3 4720 401 8384
3 3291 2066 3055
3 7277 871 1524
3 7544 604 394
3 9022 884 7264
3 3389 1968 6180
3 9394 512 4845
3 7287 861 4496
3 9755 151 5206
3 830 4527 594
3 7078 1707 3650
3 7609 2297 3060
3 5924 2224 3133
3 8409 1497 6651
3 6717 2068 3289
3 1990 3131 2226
3 9484 422 4935
3 9897 49 5308
3 7859 289 5068
3 9114 373 4984
3 5421 983 4374
3 5501 2647 2474
3 4834 287 7861
3 9661 245 4876
3 6008 396 4725
3 9952 34 5323
3 8596 189 5168
3 5967 2181 7725
3 4612 3536 1585
3 7426 1359 3998
3 3048 2309 5839
3 3574 1783 6365
3 7862 286 9620
3 7954 194 5163
3 5261 322 5035
3 1377 3980 1141
3 3737 1620 6528
3 5975 2173 3184
3 6157 1991 3366
3 8791 1115 4242
3 2417 2940 5208
3 2348 3009 2112
3 2753 2368 2989
3 9684 222 5135
3 7587 561 4796
3 6707 1441 3916
3 3734 1387 3970
3 3120 2237 4167
3 7053 1095 4026
3 2734 2623 3781
3 7026 2880 2241
3 5230 2918 2439
3 8401 1505 3852
3 9147 66 5055
3 7655 2251 3106
3 3001 2356 2765
3 2120 6028 376
3 6753 1395 3962
3 5479 2669 2688
3 7516 632 4951
3 2783 2574 5574
3 3237 4911 446
3 9981 15 5106
3 6221 1927 3430
3 1328 3793 4355
3 7191 957 4400
3 9953 33 5324
3 4043 1314 3807
3 4930 427 4694
3 6084 3822 2582
3 7425 498 4859
3 8511 243 5114
3 5586 818 7330
3 6336 2449 2908
3 3778 1343 4014
3 8748 864 4493
3 1963 3394 1727
3 6652 1496 3861
3 3866 1491 603
3 1460 3897 1224
3 8947 959 4398
3 3101 2256 5892
3 3567 1790 8116
3 9575 331 5026
3 7010 2896 2461
3 5036 321 4800
3 4369 988 4925
3 7814 334 4787
3 6042 2106 3251
3 7910 1996 3361
3 1292 6856 3050
3 4064 1293 3828
3 9039 490 4867
3 7343 805 4552
3 9701 117 5240
3 8272 1634 3723
3 5442 2706 2651
3 2741 2380 2977
3 5859 2289 3068
3 6041 2744 2613
3 9137 769 4352
3 1552 3805 1316
3 2729 2628 2493
3 4389 968 1621
3 921 4200 1157
3 5529 2619 2502
3 3690 4458 899
3 2909 5239 118
3 7215 933 4188
3 7473 675 5729
3 6276 128 5229
3 5762 2386 3869
3 8972 557 4564
3 8431 1056 4301
3 9110 21 5336
3 9050 856 4501
3 1640 3717 1404
3 8946 960 4161
3 9126 361 2228
3 8293 461 4896
3 3870 1487 6661
3 5734 2414 2943
3 5129 228 7920
3 8510 977 4144
3 9613 346 4775
3 3340 1781 6367
3 6379 1331 3790
3 8067 1420 3937
3 4202 1155 6993
3 3480 1877 3244
3 5637 2511 2610
3 2931 2426 2695
3 8432 353 4768
3 5340 1064 4293
3 6006 249 2340
3 5089 268 7880
3 5145 3003 2354
3 7133 2773 5375
3 3232 5553 2595
3 7033 2873 2484
3 7928 220 5137
3 4052 1305 3816
3 5822 582 4539
3 6171 1977 3144
3 347 4774 583
3 9456 156 5201
3 8338 1149 4208
3 2514 2607 2750
3 1084 2545 44
3 6031 224 5133
3 9406 500 7648
3 7543 1242 4115
3 3756 1601 6547
3 1029 4328 793
3 4684 437 4920
3 8841 771 4586
3 8931 681 4676
3 6884 1264 4093
3 8062 86 5271
3 8458 1448 4135
3 8296 1610 3511
3 3147 2766 2355
3 6338 1810 3547
3 1272 3849 4299
3 9425 481 4640
3 3406 1951 3170
3 6785 1363 3994
3 8811 676 4681
3 9759 147 5210
3 2071 3286 4862
3 9173 733 7415
3 8172 1734 855
3 8393 1094 4263
3 9690 216 5141
3 9729 177 5180
3 6470 1678 3443
3 8767 845 4512
3 9441 372 4985
3 6552 3354 4794
3 2189 3168 6738
3 1972 3149 2208
3 4364 4390 967
3 7250 898 4459
3 8370 82 5275
3 2988 2369 3214
3 6162 242 5115
3 8788 699 4658
3 9285 621 4736
3 6913 1235 4122
3 5446 2702 2655
3 6986 1162 4195
3 8316 469 1287
3 7098 1687 3670
3 1516 1073 7075
3 9122 496 4861
3 5577 2571 2550
3 8348 406 7742
3 6762 1386 3971
3 3953 1960 6188
3 2962 2159 5989
3 5005 3143 1978
3 6997 1151 4206
3 3193 2164 2957
3 6831 1317 4040
3 2697 2660 5488
3 6671 2114 3243
3 9408 121 5236
3 3113 2008 581
3 9775 190 5167
3 5784 2364 2993
3 8031 1875 3482
3 5254 2894 2463
3 8105 1382 3975
3 3701 1656 8250
3 9611 154 5203
3 2952 2405 2716
3 8089 59 9906
3 5858 2290 2831
3 9086 161 4960
3 3398 1959 6189
3 4743 378 8407
3 6211 1937 4467
3 8703 1203 4154
3 6657 3249 2108
3 2966 2391 7515
3 9468 345 5012
3 9519 375 4982
3 2748 2609 6176
3 6964 1184 8722
3 2730 2627 1002
3 3395 1726 3505
3 5392 1012 7136
3 5185 172 4949
3 9065 464 4657
3 8982 924 4433
3 6106 149 8636
3 8164 1319 3802
3 2526 5622 782
3 1560 3797 4351
3 1747 3610 6296
3 6082 173 4948
3 2133 3224 1897
3 9909 77 5280
3 2186 2935 2422
3 6761 2024 3333
3 7214 2692 2665
3 6885 3021 2336
3 3676 1681 6467
3 2895 2462 5686
3 3314 2043 546
3 2842 5306 1278
3 1490 3867 6039
3 3689 1432 3925
3 650 9256 231
3 6744 3162 2195
3 504 4617 740
3 3706 4442 915
3 2396 2961 2160
3 4880 241 5116
3 6563 3343 2014
3 1436 3685 2719
3 8546 208 5149
3 8076 678 4679
3 7227 2679 2678
3 7978 170 5187
3 9744 215 4906
3 9492 414 4943
3 7916 869 4488
3 827 4530 1383
3 4313 1044 7104
3 9683 223 5134
3 3837 1520 6628
3 2581 3002 2119
3 5958 2190 3167
3 854 4503 618
3 8426 1061 4296
3 8212 1694 3663
3 3677 1680 3441
3 4763 3385 3019
3 4724 633 8152
3 7404 744 4613
3 8280 505 7643
3 5823 2325 4079
3 5402 3383 1738
3 7866 2040 3317
3 2330 3027 5758
3 5459 2689 2668
3 6542 2243 2878
3 7199 330 4791
3 5968 3938 1419
3 1788 3569 6337
3 8124 1782 3339
3 2769 2588 2533
3 3399 1958 3163
3 7429 2058 3299
3 6881 1042 4315
3 7789 408 4713
3 4111 1246 3875
3 6765 945 4412
3 3522 1599 3758
3 7272 876 4245
3 3267 2090 6058
3 8560 225 5132
3 9717 269 5088
3 7633 2273 2848
3 1954 3403 1718
3 3092 2265 4139
3 4551 806 7342
3 1483 3874 1247
3 9996 0 9354
3 7031 2875 2482
3 136 5777 2371
3 6065 2720 2637
3 5834 2314 3043
3 7056 2850 2507
3 3117 2240 5908
3 8332 1574 3783
3 8794 1112 4009
3 6182 2603 2754
3 8648 137 5220
2 2035 3322
2 4947 1457
2 5469 935
2 8149 636
2 2641 2480
2 8145 728
2 7539 2367
2 5695 2453
2 1946 3411
2 4495 3653
2 4198 1159
2 4314 1043
2 6801 1347
2 8721 1185
2 9058 296
2 3643 4505
2 5635 278
2 8586 199
2 9997 3336
2 2177 2944
2 7506 642
2 9748 211
2 7327 821
2 6543 3363
2 5519 2191
2 8534 251
2 7668 480
2 7126 1022
2 6943 1205
2 4677 3471
2 8023 731
2 3378 1979
2 4575 3573
2 9075 545
2 3920 1437
2 2948 2409
2 6241 1907
2 4609 748
2 4570 787
2 6498 1650
2 4710 647
2 4646 475
2 3440 1917
2 4651 3497
2 9379 527
2 7761 1024
2 8948 664
2 8260 1352
2 697 7451
2 1549 3808
2 3555 1802
2 8824 1082
2 7497 651
2 5565 1019
2 6032 2116
2 7023 2883
2 2846 3558
2 9741 165
2 1501 3620
2 8418 367
2 9095 517
2 3426 1931
2 3346 2011
2 7663 485
2 8934 420
2 9118 788
2 5381 2767
2 4168 1189
2 9382 230
2 9276 336
2 4618 3530
2 6994 535
2 6394 1754
2 8174 611
2 111 5246
2 9127 779
2 3288 1833
2 9179 727
2 5497 4409
2 7626 522
2 8857 755
2 4937 3211
2 4335 786
2 8696 58
2 8195 257
2 5915 669
2 3435 1922
2 9207 405
2 9426 186
2 2546 2811
2 7383 1402
2 4224 1133
2 9693 213
2 9204 283
2 5789 2359
2 8123 881
2 9469 14
2 8462 323
2 4190 3958
2 5078 3070
2 6364 1784
2 3631 4517
2 4899 458
2 5218 139
2 6201 1947
2 8266 488
2 7905 880
2 7695 1178
2 1147 4210
2 7627 570
2 3108 2249
2 9434 53
2 7165 364
2 6109 2039
2 1773 3584
2 7716 1771
2 1038 5366
2 5910 3996
2 7162 986
2 9628 185
2 5696 708
2 5774 2374
2 9162 325
2 6203 1945
2 2382 2975
2 1793 3328
2 8602 402
2 6817 712
2 8517 1389
2 7236 2670
2 1905 3452
2 7659 1126
2 7266 2221
2 7493 655
2 3460 4688
2 4289 1068
2 1291 3830
2 9838 123
2 8646 1260
2 7120 409
2 9092 395
2 1699 3422
2 8278 1628
2 5595 2553
2 7523 625
2 385 4972
2 8679 808
2 8898 1008
2 8300 433
2 6722 1426
2 6463 2322
2 7410 2077
2 8265 1641
2 2939 2418
2 5879 2269
2 9626 192
2 2839 2518
2 3495 1862
2 1643 3714
2 6325 1823
2 5412 843
2 1940 3417
2 8213 572
2 6764 2021
2 6229 1919
2 9592 221
2 8129 1777
2 9894 67
2 8539 815
2 9241 577
2 9442 176
2 7998 1908
2 8499 1030
2 6601 3305
2 6705 1005
2 4594 3554
2 6969 1179
2 8420 1486
2 9186 168
2 8619 166
2 5851 4055
2 721 4636
2 8109 39
2 6824 3082
2 8569 918
2 8095 102
2 9865 94
2 7746 1741
2 5158 2990
2 7660 1213
2 4130 991
2 8321 1166
2 1051 4306
2 9316 497
2 9308 175
2 8334 451
2 7986 1626
2 7273 1481
2 9451 78
2 9152 754
2 5971 2814
2 6836 1949
2 4207 1150
2 6438 1759
2 7952 196
2 5554 2594
2 5003 580
2 1989 3368
2 3045 2312
2 5874 381
2 8286 468
2 6212 1936
2 6391 193
2 5038 4868
2 7520 1265
2 3658 6248
2 5406 2742
2 6820 3086
2 6716 813
2 9335 233
2 7970 1517
2 3628 1955
2 5522 391
2 7697 2209
2 5568 2580
2 9782 160
2 8233 1673
2 8750 1156
2 6945 1840
2 2443 5705
2 7293 2194
2 5950 305
2 9660 153
2 6858 1290
2 5382 2815
2 8421 1485
2 9428 558
2 9848 145
2 3568 1789
2 9171 717
2 2690 2667
2 5799 2349
2 6619 3287
2 5719 2429
2 4889 3259
2 4345 776
2 8232 1674
2 5590 4316
2 7401 747
2 9104 383
2 3150 2207
2 6673 1250
2 3181 2176
2 3156 2201
2 5659 254
2 7189 380
2 4529 592
2 3381 1976
2 3296 4852
2 2967 2154
2 3560 4588
2 2757 2600
2 4231 890
2 9240 654
2 6936 1212
2 5426 978
2 6967 1181
2 6237 1911
2 9253 653
2 3881 6025
2 5564 4342
2 5889 2259
2 9410 202
2 3490 1867
2 8336 418
2 9595 54
2 2984 2373
2 8355 1551
2 9459 155
2 8711 901
2 6199 3707
2 9644 229
2 5081 276
2 2280 2841
2 6374 3532
2 4073 1284
2 7068 1080
2 8491 863
2 7339 809
2 9974 3347
2 9307 679
2 1279 4078
2 5850 3637
2 2723 2634
2 5979 2169
2 9055 851
2 9680 226
2 8746 741
2 6629 3277
2 1521 6627
2 9124 694
2 7417 2070
2 5966 2182
2 2682 5466
2 7059 1695
2 1294 4063
2 953 4404
2 6645 2109
2 6773 2012
2 197 5160
2 7205 2701
2 8377 627
2 5718 2430
2 8199 586
2 3102 2255
2 3824 4324
2 9846 122
2 3500 1857
2 602 5982
2 8585 944
2 9231 252
2 8033 752
2 8834 1072
2 7274 2213
2 4295 1062
2 8759 770
2 5014 1241
2 9237 292
2 1134 4223
2 8323 1583
2 4174 1183
2 7024 686
2 5399 4507
2 8579 1327
2 8610 1296
2 9532 341
2 7349 2138
2 7982 803
2 7230 2676
2 9870 85
2 7735 413
2 2587 2770
2 8372 982
2 6269 3218
2 386 4971
2 7768 1017
2 8006 1900
2 5216 4690
2 4186 5720
2 8885 644
2 3642 4506
2 9493 428
2 4776 3372
2 6029 1894
2 3770 1587
2 8294 491
2 8508 267
2 6790 3116
2 8942 964
2 6539 1609
2 5440 2708
2 5603 801
2 4384 737
2 7510 638
2 5150 2998
2 9874 97
2 7773 1440
2 2772 2585
2 9358 548
2 2638 6147
2 9400 290
2 5483 1101
2 2278 3079
2 9277 210
2 6235 1913
2 9698 219
2 1800 3557
2 9294 612
2 6061 2724
2 6421 1108
2 5832 1697
2 7981 1925
2 5775 2979
2 8863 749
2 9266 552
2 8447 338
2 3602 1755
2 7727 1760
2 8270 484
2 9714 157
2 6709 2076
2 7321 389
2 7535 872
2 5566 838
2 8547 457
2 9007 476
2 3630 5155
2 4455 3693
2 6515 1633
2 5291 3494
2 585 4772
2 5891 2257
2 6140 3766
2 7718 2188
2 883 4474
2 1597 3760
2 8968 797
2 5528 2620
2 6205 3282
2 5493 911
2 6771 1983
2 4704 3444
2 7338 810
2 8065 132
2 2662 6123
2 8848 764
2 8593 1313
2 6605 1543
2 1479 3878
2 7449 2457
2 9366 540
2 8928 684
2 2067 3290
2 8449 1034
2 9740 133
2 5681 574
2 8918 700
2 7606 542
2 5103 1152
2 1577 3544
2 7918 1988
2 6098 2050
2 8828 1078
2 8209 1403
2 4035 1322
2 9189 431
2 6733 971
2 9397 562
2 9295 317
2 6792 1405
2 6613 2172
2 7300 897
2 4437 920
2 3696 1661
2 3197 3207
2 2100 6685
2 4358 999
2 7823 962
2 9814 134
2 6791 1994
2 6719 1429
2 9132 756
2 9821 3397
2 3936 5970
2 7974 1555
2 8319 435
2 7200 2287
2 9665 235
2 7588 560
2 8929 318
2 3344 2013
2 6674 2111
2 5396 859
2 6754 3152
2 9849 3332
2 4928 985
2 4054 1067
2 2432 2925
2 7565 887
2 9098 667
2 6185 3721
2 3018 2339
2 8441 1465
2 442 5962
2 9488 360
2 2524 2597
2 3029 2884
2 8900 1006
2 7174 1023
2 4119 1238
2 9302 227
2 7242 955
2 8386 1232
2 3206 2151
2 9754 209
2 9489 411
2 5743 661
2 9376 589
2 8803 1103
2 9252 366
2 5912 1798
2 5640 4266
2 8901 1085
2 7848 937
2 3209 2148
2 7152 1602
2 6408 2377
2 8673 1286
2 5263 2885
2 6530 3376
2 2923 2434
2 8521 1385
2 3359 1998
2 5093 4394
